4655824
961397
4815503
8507246
8893146
9777101
9732016
432485
7317265
179352
5523217
9436558
1288074
648121
9574295
8540931
5023768
7246072
3257989
7990033
1313050
5800102
8814077
9679488
1899314
4959727
5040564
9410303
2285549
9019748
1534599
6244590
4432389
8877163
2453925
7719656
5076960
6198531
65627
3346812
2535696
6507230
5931051
3442451
8161764
6796004
5738014
3312199
9904919
252626
6261297
8449358
256492
8233040
5066746
5405742
4068832
1068310
7371344
5725890
3550468
612624
6783415
7461399
2431098
8078243
9355864
4735
657120
2937600
6416665
5385260
7372061
9785226
8658713
1748313
9379605
2693385
6669269
8314654
2044322
6851515
4696014
6124657
4859247
7664400
4026965
6220665
9674992
2301902
9214655
3896564
7493340
6323364
161222
3984359
3873337
7729225
7796954
8900457
6412426
6393562
8946060
7558011
6595499
5262795
2304799
3509562
767154
3117070
