4
4 0 9 0
6 9 5 5
7 2 4 4
8 0 0 4
-3  2  7  7
3  6  6 -4
-5  7 -1  8
-4 -4  0  2

0

8
0  2 -4  1  6 -3  3 -4
4  7 -4 -5 -4  4 -4  9
-3  3 -2 -4  0 -4  2  4
8 -3  5  3  4  4  0  3
-1  3  0  4  9  5 -2 -4
-3  7 -4  8 -2  5  4 -1
7  8  9 -4  2 -5  5  3
5  2  3  0 -4 -3  6 -4
2 -1  7 -2  8  7  0 -4
0 -4  2 -1  3  7  7  8
-3  3 -3  3  7  8  5  5
2  7 -1  6  3 -2 -1 -2
-1 -4  7  8 -1  3 -3  0
-4  6  4  3  2  6  9 -2
1  0  4  4 -1  0  8  7
8  3  4  7  4  1 -1  3

6
-2  6  4  0  5  4
8 -2  0 -2  0  4
-5  8  9  2 -3 -5
-4 -1  5  7  8  8
4  3  4  3  8 -4
-4  9 -5  2  6 -1
-2 -1  4 0 -2 -3
4 -4  6 5 -1  2
6  8  9 1 -1  3
0  3 -1 2 -1  6
0  6  7 2 -5  6
4 -2  0 9 -4  7

4
-4 4  8 -4
-3 1  8  1
-1 9 -1  3
-4 4  3  7
3 6  5 -5
4 5 -4 -3
3 6 -1  4
4 6  5 -4

4
0h  2t  4  7
6  6  4  0
-4 -1  f8 -4
-5  0 -5  5
3 6  5 -5
4 5 -4 -3
3 6 -1  4
4 6  5 -4

8
4.32988  8.37656  2.16152 -4.30860 -4.34592 -3.47169 -0.77221  1.72169
5.32620  3.17262  2.70028  3.54532 -4.99799  4.12331 -2.46037  1.10679
2.48169 -0.88422 -1.64126  7.62896 -2.31555 -2.91087  4.48583  6.93329
0.41924  1.89297 -4.08599  4.64743  0.75639 -1.49906 -1.02302  0.47082
3.53534  1.67097 -0.03026  3.71474  0.33163  8.42209 -1.56728 -3.88012
1.72396 -0.91287  2.79930  5.49174  0.94589  4.68288  5.89303  6.28474
8.19721 -2.33277  5.95020 -1.95684  2.93147  0.98662 -1.17074  3.59248
1.16858  4.37154  8.03287  8.62326  8.32587  3.12344  5.36324  1.99571
8 -1  6 -3  0  8  3  5
-3 -5 -5  7  4  6 -5  5
2 -4 -1 -2  4  8  3  5
1 -3  6  2  6  9  6  1
-1  7  3  9 -2 -4  1  5
4  8  0 -5  8 -2  0  3
5  5  2 -1  3  5  3 -1
1  6  0  1 -3  3 -1  4

2
1  6
-5 -3
1  4
-5 -5

2
6 -2
8  6
-4  2
4 -2

4
9 -2  7 6 5
-4  3  9 7
-2  0  1 5 7
-3  8 -2 4
5  3 -5  6
7  1  7  5 3
2  4  4 -3
9 -3  8  7

4
-5 -4 3 8
-3 -5 7 1
-2  7 9 3
-4 -2 6 7
-2 -9 10 11
-1  6  0  0
-4 -2  0  2
2  5  8 -2
0  2 -5 -4

4
-5 6 3 1
2 0 1 1
-4 5 3 3
3 8 3 8
-1  6  0  0
-4 -2  0  2
2  5  8 -2
0  2 -5 -4

4
-5 6 3 1
2 0 1 1
-4 5 3 3
3 8 3 8
-1  6  0  0
-4 -2  0  2
0  2 -5 -4
 